{
  "cells": [
    {
      "cell_type": "markdown",
      "metadata": {},
      "source": [
        "# ONNX side by side\n",
        "\n",
        "The notebook compares two runtimes for the same ONNX and looks into differences at each step of the graph."
      ]
    },
    {
      "cell_type": "code",
      "execution_count": 1,
      "metadata": {},
      "outputs": [
        {
          "data": {
            "text/html": [
              "<div id=\"my_id_menu_nb\">run previous cell, wait for 2 seconds</div>\n",
              "<script>\n",
              "function repeat_indent_string(n){\n",
              "    var a = \"\" ;\n",
              "    for ( ; n > 0 ; --n)\n",
              "        a += \"    \";\n",
              "    return a;\n",
              "}\n",
              "// look up into all sections and builds an automated menu //\n",
              "var update_menu_string = function(begin, lfirst, llast, sformat, send, keep_item, begin_format, end_format) {\n",
              "    var anchors = document.getElementsByClassName(\"section\");\n",
              "    if (anchors.length == 0) {\n",
              "        anchors = document.getElementsByClassName(\"text_cell_render rendered_html\");\n",
              "    }\n",
              "    var i,t;\n",
              "    var text_menu = begin;\n",
              "    var text_memo = \"<pre>\\nlength:\" + anchors.length + \"\\n\";\n",
              "    var ind = \"\";\n",
              "    var memo_level = 1;\n",
              "    var href;\n",
              "    var tags = [];\n",
              "    var main_item = 0;\n",
              "    var format_open = 0;\n",
              "    for (i = 0; i <= llast; i++)\n",
              "        tags.push(\"h\" + i);\n",
              "\n",
              "    for (i = 0; i < anchors.length; i++) {\n",
              "        text_memo += \"**\" + anchors[i].id + \"--\\n\";\n",
              "\n",
              "        var child = null;\n",
              "        for(t = 0; t < tags.length; t++) {\n",
              "            var r = anchors[i].getElementsByTagName(tags[t]);\n",
              "            if (r.length > 0) {\n",
              "child = r[0];\n",
              "break;\n",
              "            }\n",
              "        }\n",
              "        if (child == null) {\n",
              "            text_memo += \"null\\n\";\n",
              "            continue;\n",
              "        }\n",
              "        if (anchors[i].hasAttribute(\"id\")) {\n",
              "            // when converted in RST\n",
              "            href = anchors[i].id;\n",
              "            text_memo += \"#1-\" + href;\n",
              "            // passer \u00e0 child suivant (le chercher)\n",
              "        }\n",
              "        else if (child.hasAttribute(\"id\")) {\n",
              "            // in a notebook\n",
              "            href = child.id;\n",
              "            text_memo += \"#2-\" + href;\n",
              "        }\n",
              "        else {\n",
              "            text_memo += \"#3-\" + \"*\" + \"\\n\";\n",
              "            continue;\n",
              "        }\n",
              "        var title = child.textContent;\n",
              "        var level = parseInt(child.tagName.substring(1,2));\n",
              "\n",
              "        text_memo += \"--\" + level + \"?\" + lfirst + \"--\" + title + \"\\n\";\n",
              "\n",
              "        if ((level < lfirst) || (level > llast)) {\n",
              "            continue ;\n",
              "        }\n",
              "        if (title.endsWith('\u00b6')) {\n",
              "            title = title.substring(0,title.length-1).replace(\"<\", \"&lt;\")\n",
              "         .replace(\">\", \"&gt;\").replace(\"&\", \"&amp;\");\n",
              "        }\n",
              "        if (title.length == 0) {\n",
              "            continue;\n",
              "        }\n",
              "\n",
              "        while (level < memo_level) {\n",
              "            text_menu += end_format + \"</ul>\\n\";\n",
              "            format_open -= 1;\n",
              "            memo_level -= 1;\n",
              "        }\n",
              "        if (level == lfirst) {\n",
              "            main_item += 1;\n",
              "        }\n",
              "        if (keep_item != -1 && main_item != keep_item + 1) {\n",
              "            // alert(main_item + \" - \" + level + \" - \" + keep_item);\n",
              "            continue;\n",
              "        }\n",
              "        while (level > memo_level) {\n",
              "            text_menu += \"<ul>\\n\";\n",
              "            memo_level += 1;\n",
              "        }\n",
              "        text_menu += repeat_indent_string(level-2);\n",
              "        text_menu += begin_format + sformat.replace(\"__HREF__\", href).replace(\"__TITLE__\", title);\n",
              "        format_open += 1;\n",
              "    }\n",
              "    while (1 < memo_level) {\n",
              "        text_menu += end_format + \"</ul>\\n\";\n",
              "        memo_level -= 1;\n",
              "        format_open -= 1;\n",
              "    }\n",
              "    text_menu += send;\n",
              "    //text_menu += \"\\n\" + text_memo;\n",
              "\n",
              "    while (format_open > 0) {\n",
              "        text_menu += end_format;\n",
              "        format_open -= 1;\n",
              "    }\n",
              "    return text_menu;\n",
              "};\n",
              "var update_menu = function() {\n",
              "    var sbegin = \"\";\n",
              "    var sformat = '<a href=\"#__HREF__\">__TITLE__</a>';\n",
              "    var send = \"\";\n",
              "    var begin_format = '<li>';\n",
              "    var end_format = '</li>';\n",
              "    var keep_item = -1;\n",
              "    var text_menu = update_menu_string(sbegin, 2, 4, sformat, send, keep_item,\n",
              "       begin_format, end_format);\n",
              "    var menu = document.getElementById(\"my_id_menu_nb\");\n",
              "    menu.innerHTML=text_menu;\n",
              "};\n",
              "window.setTimeout(update_menu,2000);\n",
              "            </script>"
            ],
            "text/plain": [
              "<IPython.core.display.HTML object>"
            ]
          },
          "execution_count": 2,
          "metadata": {},
          "output_type": "execute_result"
        }
      ],
      "source": [
        "from jyquickhelper import add_notebook_menu\n",
        "add_notebook_menu()"
      ]
    },
    {
      "cell_type": "code",
      "execution_count": 2,
      "metadata": {},
      "outputs": [],
      "source": [
        "%load_ext mlprodict"
      ]
    },
    {
      "cell_type": "code",
      "execution_count": 3,
      "metadata": {},
      "outputs": [],
      "source": [
        "%matplotlib inline"
      ]
    },
    {
      "cell_type": "markdown",
      "metadata": {},
      "source": [
        "## The ONNX model\n",
        "\n",
        "We convert kernel function used in [GaussianProcessRegressor](https://scikit-learn.org/stable/modules/generated/sklearn.gaussian_process.GaussianProcessRegressor.html). First some values to use for testing."
      ]
    },
    {
      "cell_type": "code",
      "execution_count": 4,
      "metadata": {},
      "outputs": [],
      "source": [
        "import numpy\n",
        "import pandas\n",
        "from io import StringIO\n",
        "\n",
        "Xtest = pandas.read_csv(StringIO(\"\"\"\n",
        "1.000000000000000000e+02,1.061277971307766705e+02,1.472195004809226493e+00,2.307125069497626552e-02,4.539948095743629591e-02,2.855191098141335870e-01\n",
        "1.000000000000000000e+02,9.417031896832908444e+01,1.249743892709246573e+00,2.370416174339620707e-02,2.613847280316268853e-02,5.097165413593484073e-01\n",
        "1.000000000000000000e+02,9.305231488674536422e+01,1.795726729335217264e+00,2.473274733802270642e-02,1.349765645107412620e-02,9.410288840541443378e-02\n",
        "1.000000000000000000e+02,7.411264142156210255e+01,1.747723020195752319e+00,1.559695663417645997e-02,4.230394035515055301e-02,2.225492746314280956e-01\n",
        "1.000000000000000000e+02,9.326006195761877393e+01,1.738860294343326229e+00,2.280160135767652502e-02,4.883335335161764074e-02,2.806808409247734115e-01\n",
        "1.000000000000000000e+02,8.341529291866362428e+01,5.119682123742423929e-01,2.488795768635816003e-02,4.887573336092913834e-02,1.673462179673477768e-01\n",
        "1.000000000000000000e+02,1.182436477919874562e+02,1.733516391831658954e+00,1.533520930349476820e-02,3.131213519485807895e-02,1.955345358785769427e-01\n",
        "1.000000000000000000e+02,1.228982583299257101e+02,1.115599996405831629e+00,1.929354155079938959e-02,3.056996308544096715e-03,1.197052763998271013e-01\n",
        "1.000000000000000000e+02,1.160303269386108838e+02,1.018627021014927303e+00,2.248784981616459844e-02,2.688111547114307651e-02,3.326105131778724355e-01\n",
        "1.000000000000000000e+02,1.163414374640396005e+02,6.644299545804077667e-01,1.508088417713602906e-02,4.451836657613789106e-02,3.245643044204808425e-01\n",
        "\"\"\".strip(\"\\n\\r \")), header=None).values"
      ]
    },
    {
      "cell_type": "markdown",
      "metadata": {},
      "source": [
        "Then the kernel."
      ]
    },
    {
      "cell_type": "code",
      "execution_count": 5,
      "metadata": {},
      "outputs": [
        {
          "data": {
            "text/plain": [
              "0.316**2 * RBF(length_scale=10) + 0.316**2 * RBF(length_scale=1)"
            ]
          },
          "execution_count": 6,
          "metadata": {},
          "output_type": "execute_result"
        }
      ],
      "source": [
        "from sklearn.gaussian_process.kernels import RBF, ConstantKernel as CK, Sum\n",
        "\n",
        "ker = Sum(\n",
        "    CK(0.1, (1e-3, 1e3)) * RBF(length_scale=10,\n",
        "                               length_scale_bounds=(1e-3, 1e3)),\n",
        "    CK(0.1, (1e-3, 1e3)) * RBF(length_scale=1,\n",
        "                               length_scale_bounds=(1e-3, 1e3))\n",
        ")\n",
        "\n",
        "ker"
      ]
    },
    {
      "cell_type": "code",
      "execution_count": 6,
      "metadata": {},
      "outputs": [
        {
          "data": {
            "text/plain": [
              "array([[2.00000000e-01, 4.88993040e-02, 4.25048140e-02, 5.94472678e-04,\n",
              "        4.36813578e-02, 7.54738292e-03, 4.79816083e-02, 2.44870899e-02,\n",
              "        6.11804858e-02, 5.91636643e-02],\n",
              "       [4.88993040e-02, 2.00000000e-01, 1.41439850e-01, 1.33559792e-02,\n",
              "        1.56539930e-01, 5.58967934e-02, 5.50622994e-03, 1.61259456e-03,\n",
              "        9.16550083e-03, 8.54623880e-03],\n",
              "       [4.25048140e-02, 1.41439850e-01, 2.00000000e-01, 1.66351088e-02,\n",
              "        1.95919797e-01, 6.23358040e-02, 4.18740453e-03, 1.16061688e-03,\n",
              "        7.11297248e-03, 6.59679571e-03],\n",
              "       [5.94472678e-04, 1.33559792e-02, 1.66351088e-02, 2.00000000e-01,\n",
              "        1.59911246e-02, 6.43812362e-02, 5.90141166e-06, 6.77520700e-07,\n",
              "        1.52525053e-05, 1.33384349e-05],\n",
              "       [4.36813578e-02, 1.56539930e-01, 1.95919797e-01, 1.59911246e-02,\n",
              "        2.00000000e-01, 6.11287461e-02, 4.41158561e-03, 1.23488073e-03,\n",
              "        7.46433076e-03, 6.92846776e-03],\n",
              "       [7.54738292e-03, 5.58967934e-02, 6.23358040e-02, 6.43812362e-02,\n",
              "        6.11287461e-02, 2.00000000e-01, 2.30531400e-04, 4.11226399e-05,\n",
              "        4.89214341e-04, 4.42318453e-04],\n",
              "       [4.79816083e-02, 5.50622994e-03, 4.18740453e-03, 5.90141166e-06,\n",
              "        4.41158561e-03, 2.30531400e-04, 2.00000000e-01, 8.95609518e-02,\n",
              "        1.03946894e-01, 1.06810568e-01],\n",
              "       [2.44870899e-02, 1.61259456e-03, 1.16061688e-03, 6.77520700e-07,\n",
              "        1.23488073e-03, 4.11226399e-05, 8.95609518e-02, 2.00000000e-01,\n",
              "        7.89686728e-02, 8.05577562e-02],\n",
              "       [6.11804858e-02, 9.16550083e-03, 7.11297248e-03, 1.52525053e-05,\n",
              "        7.46433076e-03, 4.89214341e-04, 1.03946894e-01, 7.89686728e-02,\n",
              "        2.00000000e-01, 1.89352355e-01],\n",
              "       [5.91636643e-02, 8.54623880e-03, 6.59679571e-03, 1.33384349e-05,\n",
              "        6.92846776e-03, 4.42318453e-04, 1.06810568e-01, 8.05577562e-02,\n",
              "        1.89352355e-01, 2.00000000e-01]])"
            ]
          },
          "execution_count": 7,
          "metadata": {},
          "output_type": "execute_result"
        }
      ],
      "source": [
        "ker(Xtest)"
      ]
    },
    {
      "cell_type": "markdown",
      "metadata": {},
      "source": [
        "## Conversion to ONNX\n",
        "\n",
        "The function is not an operator, the function to use is specific to this usage."
      ]
    },
    {
      "cell_type": "code",
      "execution_count": 7,
      "metadata": {},
      "outputs": [],
      "source": [
        "from skl2onnx.operator_converters.gaussian_process import convert_kernel\n",
        "from skl2onnx.common.data_types import FloatTensorType\n",
        "from skl2onnx.algebra.onnx_ops import OnnxIdentity\n",
        "onnx_op = convert_kernel(ker, 'X', output_names=['final_after_op_Add'])\n",
        "onnx_op = OnnxIdentity(onnx_op, output_names=['Y'])\n",
        "model_onnx = model_onnx = onnx_op.to_onnx(\n",
        "                inputs=[('X', FloatTensorType(['', '']))])\n",
        "\n",
        "with open(\"model_onnx.onnx\", \"wb\") as f:\n",
        "    f.write(model_onnx.SerializeToString())"
      ]
    },
    {
      "cell_type": "markdown",
      "metadata": {},
      "source": [
        "``[('X', FloatTensorType(['None', 'None']))]`` means the function applies on every tensor whatever its dimension is."
      ]
    },
    {
      "cell_type": "code",
      "execution_count": 8,
      "metadata": {
        "scrolled": false
      },
      "outputs": [
        {
          "data": {
            "text/html": [
              "<div id=\"Mb4329e5a632f465daf64fe03e47a8b8c-cont\"><div id=\"Mb4329e5a632f465daf64fe03e47a8b8c\" style=\"width:100%;height:100%;\"></div></div>\n",
              "<script>\n",
              "\n",
              "require(['http://www.xavierdupre.fr/js/vizjs/viz.js'], function() { var svgGraph = Viz(\"digraph{\\n  nodesep=0.05;\\n  ranksep=0.25;\\n  orientation=portrait;\\n\\n  X [shape=box color=red label=\\\"X\\nfloat((0, 0))\\\" fontsize=10];\\n\\n  Y [shape=box color=green label=\\\"Y\\nfloat((0, 0))\\\" fontsize=10];\\n\\n  Addcst [shape=box label=\\\"Addcst\\nfloat32((1,))\\n[0.1]\\\" fontsize=10];\\n  Addcst1 [shape=box label=\\\"Addcst1\\nfloat32((1,))\\n[0.1]\\\" fontsize=10];\\n\\n  O05 [shape=box label=\\\"O05\\\" fontsize=10];\\n  Shape [shape=box style=\\\"filled,rounded\\\" color=orange label=\\\"Shape\\n(Shape)\\\" fontsize=10];\\n  X -> Shape;\\n  Shape -> O05;\\n\\n  O04 [shape=box label=\\\"O04\\\" fontsize=10];\\n  ConstantOfShape [shape=box style=\\\"filled,rounded\\\" color=orange label=\\\"ConstantOfShape\\n(ConstantOfShape)\\\" fontsize=10];\\n  O05 -> ConstantOfShape;\\n  ConstantOfShape -> O04;\\n\\n  O03 [shape=box label=\\\"O03\\\" fontsize=10];\\n  ReduceSum [shape=box style=\\\"filled,rounded\\\" color=orange label=\\\"ReduceSum\\n(ReduceSum)\\naxes=[1]\\\" fontsize=10];\\n  O04 -> ReduceSum;\\n  ReduceSum -> O03;\\n\\n  O06 [shape=box label=\\\"O06\\\" fontsize=10];\\n  Transpose [shape=box style=\\\"filled,rounded\\\" color=orange label=\\\"Transpose\\n(Transpose)\\nperm=[1 0]\\\" fontsize=10];\\n  O03 -> Transpose;\\n  Transpose -> O06;\\n\\n  O02 [shape=box label=\\\"O02\\\" fontsize=10];\\n  MatMul [shape=box style=\\\"filled,rounded\\\" color=orange label=\\\"MatMul\\n(MatMul)\\\" fontsize=10];\\n  O03 -> MatMul;\\n  O06 -> MatMul;\\n  MatMul -> O02;\\n\\n  O01 [shape=box label=\\\"O01\\\" fontsize=10];\\n  Add [shape=box style=\\\"filled,rounded\\\" color=orange label=\\\"Add\\n(Add)\\\" fontsize=10];\\n  O02 -> Add;\\n  Addcst -> Add;\\n  Add -> O01;\\n\\n  O015 [shape=box label=\\\"O015\\\" fontsize=10];\\n  Shape1 [shape=box style=\\\"filled,rounded\\\" color=orange label=\\\"Shape\\n(Shape1)\\\" fontsize=10];\\n  X -> Shape1;\\n  Shape1 -> O015;\\n\\n  O014 [shape=box label=\\\"O014\\\" fontsize=10];\\n  ConstantOfShape1 [shape=box style=\\\"filled,rounded\\\" color=orange label=\\\"ConstantOfShape\\n(ConstantOfShape1)\\\" fontsize=10];\\n  O015 -> ConstantOfShape1;\\n  ConstantOfShape1 -> O014;\\n\\n  O013 [shape=box label=\\\"O013\\\" fontsize=10];\\n  ReduceSum1 [shape=box style=\\\"filled,rounded\\\" color=orange label=\\\"ReduceSum\\n(ReduceSum1)\\naxes=[0]\\\" fontsize=10];\\n  O014 -> ReduceSum1;\\n  ReduceSum1 -> O013;\\n\\n  O012 [shape=box label=\\\"O012\\\" fontsize=10];\\n  Shape2 [shape=box style=\\\"filled,rounded\\\" color=orange label=\\\"Shape\\n(Shape2)\\\" fontsize=10];\\n  O013 -> Shape2;\\n  Shape2 -> O012;\\n\\n  O011 [shape=box label=\\\"O011\\\" fontsize=10];\\n  ConstantOfShape2 [shape=box style=\\\"filled,rounded\\\" color=orange label=\\\"ConstantOfShape\\n(ConstantOfShape2)\\nvalue=[10.]\\\" fontsize=10];\\n  O012 -> ConstantOfShape2;\\n  ConstantOfShape2 -> O011;\\n\\n  O010 [shape=box label=\\\"O010\\\" fontsize=10];\\n  Squeeze [shape=box style=\\\"filled,rounded\\\" color=orange label=\\\"Squeeze\\n(Squeeze)\\naxes=[0]\\\" fontsize=10];\\n  O011 -> Squeeze;\\n  Squeeze -> O010;\\n\\n  O09 [shape=box label=\\\"O09\\\" fontsize=10];\\n  Div [shape=box style=\\\"filled,rounded\\\" color=orange label=\\\"Div\\n(Div)\\\" fontsize=10];\\n  X -> Div;\\n  O010 -> Div;\\n  Div -> O09;\\n\\n  scan0_2174527572960 [shape=box label=\\\"scan0_2174527572960\\\" fontsize=10];\\n  scan1_2174527572960 [shape=box label=\\\"scan1_2174527572960\\\" fontsize=10];\\n  Scan [shape=box style=\\\"filled,rounded\\\" color=orange label=\\\"Scan\\n(Scan)\\nbody=node {\\n  input: 'next_in'...\\nnum_scan_inputs=1\\\" fontsize=10];\\n  O09 -> Scan;\\n  O09 -> Scan;\\n  Scan -> scan0_2174527572960;\\n  Scan -> scan1_2174527572960;\\n\\n  O018 [shape=box label=\\\"O018\\\" fontsize=10];\\n  Shape3 [shape=box style=\\\"filled,rounded\\\" color=orange label=\\\"Shape\\n(Shape3)\\\" fontsize=10];\\n  O03 -> Shape3;\\n  Shape3 -> O018;\\n\\n  O017 [shape=box label=\\\"O017\\\" fontsize=10];\\n  ConstantOfShape3 [shape=box style=\\\"filled,rounded\\\" color=orange label=\\\"ConstantOfShape\\n(ConstantOfShape3)\\nvalue=[-0.5]\\\" fontsize=10];\\n  O018 -> ConstantOfShape3;\\n  ConstantOfShape3 -> O017;\\n\\n  O016 [shape=box label=\\\"O016\\\" fontsize=10];\\n  Squeeze1 [shape=box style=\\\"filled,rounded\\\" color=orange label=\\\"Squeeze\\n(Squeeze1)\\naxes=[1]\\\" fontsize=10];\\n  O017 -> Squeeze1;\\n  Squeeze1 -> O016;\\n\\n  O08 [shape=box label=\\\"O08\\\" fontsize=10];\\n  Mul [shape=box style=\\\"filled,rounded\\\" color=orange label=\\\"Mul\\n(Mul)\\\" fontsize=10];\\n  scan1_2174527572960 -> Mul;\\n  O016 -> Mul;\\n  Mul -> O08;\\n\\n  O07 [shape=box label=\\\"O07\\\" fontsize=10];\\n  Exp [shape=box style=\\\"filled,rounded\\\" color=orange label=\\\"Exp\\n(Exp)\\\" fontsize=10];\\n  O08 -> Exp;\\n  Exp -> O07;\\n\\n  O0 [shape=box label=\\\"O0\\\" fontsize=10];\\n  Mul1 [shape=box style=\\\"filled,rounded\\\" color=orange label=\\\"Mul\\n(Mul1)\\\" fontsize=10];\\n  O01 -> Mul1;\\n  O07 -> Mul1;\\n  Mul1 -> O0;\\n\\n  O022 [shape=box label=\\\"O022\\\" fontsize=10];\\n  Transpose1 [shape=box style=\\\"filled,rounded\\\" color=orange label=\\\"Transpose\\n(Transpose1)\\nperm=[1 0]\\\" fontsize=10];\\n  O03 -> Transpose1;\\n  Transpose1 -> O022;\\n\\n  O021 [shape=box label=\\\"O021\\\" fontsize=10];\\n  MatMul1 [shape=box style=\\\"filled,rounded\\\" color=orange label=\\\"MatMul\\n(MatMul1)\\\" fontsize=10];\\n  O03 -> MatMul1;\\n  O022 -> MatMul1;\\n  MatMul1 -> O021;\\n\\n  O020 [shape=box label=\\\"O020\\\" fontsize=10];\\n  Add1 [shape=box style=\\\"filled,rounded\\\" color=orange label=\\\"Add\\n(Add1)\\\" fontsize=10];\\n  O021 -> Add1;\\n  Addcst1 -> Add1;\\n  Add1 -> O020;\\n\\n  O028 [shape=box label=\\\"O028\\\" fontsize=10];\\n  Shape4 [shape=box style=\\\"filled,rounded\\\" color=orange label=\\\"Shape\\n(Shape4)\\\" fontsize=10];\\n  O013 -> Shape4;\\n  Shape4 -> O028;\\n\\n  O027 [shape=box label=\\\"O027\\\" fontsize=10];\\n  ConstantOfShape4 [shape=box style=\\\"filled,rounded\\\" color=orange label=\\\"ConstantOfShape\\n(ConstantOfShape4)\\nvalue=[1.]\\\" fontsize=10];\\n  O028 -> ConstantOfShape4;\\n  ConstantOfShape4 -> O027;\\n\\n  O026 [shape=box label=\\\"O026\\\" fontsize=10];\\n  Squeeze2 [shape=box style=\\\"filled,rounded\\\" color=orange label=\\\"Squeeze\\n(Squeeze2)\\naxes=[0]\\\" fontsize=10];\\n  O027 -> Squeeze2;\\n  Squeeze2 -> O026;\\n\\n  O025 [shape=box label=\\\"O025\\\" fontsize=10];\\n  Div1 [shape=box style=\\\"filled,rounded\\\" color=orange label=\\\"Div\\n(Div1)\\\" fontsize=10];\\n  X -> Div1;\\n  O026 -> Div1;\\n  Div1 -> O025;\\n\\n  scan0_2174528688872 [shape=box label=\\\"scan0_2174528688872\\\" fontsize=10];\\n  scan1_2174528688872 [shape=box label=\\\"scan1_2174528688872\\\" fontsize=10];\\n  Scan1 [shape=box style=\\\"filled,rounded\\\" color=orange label=\\\"Scan\\n(Scan1)\\nbody=node {\\n  input: 'next_in'...\\nnum_scan_inputs=1\\\" fontsize=10];\\n  O025 -> Scan1;\\n  O025 -> Scan1;\\n  Scan1 -> scan0_2174528688872;\\n  Scan1 -> scan1_2174528688872;\\n\\n  O024 [shape=box label=\\\"O024\\\" fontsize=10];\\n  Mul2 [shape=box style=\\\"filled,rounded\\\" color=orange label=\\\"Mul\\n(Mul2)\\\" fontsize=10];\\n  scan1_2174528688872 -> Mul2;\\n  O016 -> Mul2;\\n  Mul2 -> O024;\\n\\n  O023 [shape=box label=\\\"O023\\\" fontsize=10];\\n  Exp1 [shape=box style=\\\"filled,rounded\\\" color=orange label=\\\"Exp\\n(Exp1)\\\" fontsize=10];\\n  O024 -> Exp1;\\n  Exp1 -> O023;\\n\\n  O019 [shape=box label=\\\"O019\\\" fontsize=10];\\n  Mul3 [shape=box style=\\\"filled,rounded\\\" color=orange label=\\\"Mul\\n(Mul3)\\\" fontsize=10];\\n  O020 -> Mul3;\\n  O023 -> Mul3;\\n  Mul3 -> O019;\\n\\n  final_after_op_Add [shape=box label=\\\"final_after_op_Add\\\" fontsize=10];\\n  Add2 [shape=box style=\\\"filled,rounded\\\" color=orange label=\\\"Add\\n(Add2)\\\" fontsize=10];\\n  O0 -> Add2;\\n  O019 -> Add2;\\n  Add2 -> final_after_op_Add;\\n\\n  Identity [shape=box style=\\\"filled,rounded\\\" color=orange label=\\\"Identity\\n(Identity)\\\" fontsize=10];\\n  final_after_op_Add -> Identity;\\n  Identity -> Y;\\n}\");\n",
              "document.getElementById('Mb4329e5a632f465daf64fe03e47a8b8c').innerHTML = svgGraph; });\n",
              "\n",
              "</script>"
            ],
            "text/plain": [
              "<jyquickhelper.jspy.render_nb_js_dot.RenderJsDot at 0x1fa4dab99b0>"
            ]
          },
          "execution_count": 9,
          "metadata": {},
          "output_type": "execute_result"
        }
      ],
      "source": [
        "%onnxview model_onnx"
      ]
    },
    {
      "cell_type": "code",
      "execution_count": 9,
      "metadata": {},
      "outputs": [],
      "source": [
        "from mlprodict.onnxrt import OnnxInference\n",
        "pyrun = OnnxInference(model_onnx)\n",
        "rtrun = OnnxInference(model_onnx, runtime=\"onnxruntime1\")"
      ]
    },
    {
      "cell_type": "code",
      "execution_count": 10,
      "metadata": {},
      "outputs": [
        {
          "data": {
            "text/plain": [
              "{'Y': array([[2.00000003e-01, 4.88993048e-02, 4.25048146e-02, 5.94472687e-04,\n",
              "         4.36813584e-02, 7.54738303e-03, 4.79816091e-02, 2.44870902e-02,\n",
              "         6.11804867e-02, 5.91636651e-02],\n",
              "        [4.88993048e-02, 2.00000003e-01, 1.41439852e-01, 1.33559794e-02,\n",
              "         1.56539932e-01, 5.58967942e-02, 5.50623002e-03, 1.61259458e-03,\n",
              "         9.16550097e-03, 8.54623893e-03],\n",
              "        [4.25048146e-02, 1.41439852e-01, 2.00000003e-01, 1.66351091e-02,\n",
              "         1.95919800e-01, 6.23358049e-02, 4.18740459e-03, 1.16061689e-03,\n",
              "         7.11297259e-03, 6.59679581e-03],\n",
              "        [5.94472687e-04, 1.33559794e-02, 1.66351091e-02, 2.00000003e-01,\n",
              "         1.59911249e-02, 6.43812372e-02, 5.90141174e-06, 6.77520710e-07,\n",
              "         1.52525055e-05, 1.33384351e-05],\n",
              "        [4.36813584e-02, 1.56539932e-01, 1.95919800e-01, 1.59911249e-02,\n",
              "         2.00000003e-01, 6.11287471e-02, 4.41158568e-03, 1.23488075e-03,\n",
              "         7.46433087e-03, 6.92846787e-03],\n",
              "        [7.54738303e-03, 5.58967942e-02, 6.23358049e-02, 6.43812372e-02,\n",
              "         6.11287471e-02, 2.00000003e-01, 2.30531403e-04, 4.11226405e-05,\n",
              "         4.89214349e-04, 4.42318460e-04],\n",
              "        [4.79816091e-02, 5.50623002e-03, 4.18740459e-03, 5.90141174e-06,\n",
              "         4.41158568e-03, 2.30531403e-04, 2.00000003e-01, 8.95609532e-02,\n",
              "         1.03946896e-01, 1.06810570e-01],\n",
              "        [2.44870902e-02, 1.61259458e-03, 1.16061689e-03, 6.77520710e-07,\n",
              "         1.23488075e-03, 4.11226405e-05, 8.95609532e-02, 2.00000003e-01,\n",
              "         7.89686740e-02, 8.05577574e-02],\n",
              "        [6.11804867e-02, 9.16550097e-03, 7.11297259e-03, 1.52525055e-05,\n",
              "         7.46433087e-03, 4.89214349e-04, 1.03946896e-01, 7.89686740e-02,\n",
              "         2.00000003e-01, 1.89352358e-01],\n",
              "        [5.91636651e-02, 8.54623893e-03, 6.59679581e-03, 1.33384351e-05,\n",
              "         6.92846787e-03, 4.42318460e-04, 1.06810570e-01, 8.05577574e-02,\n",
              "         1.89352358e-01, 2.00000003e-01]])}"
            ]
          },
          "execution_count": 11,
          "metadata": {},
          "output_type": "execute_result"
        }
      ],
      "source": [
        "pyres = pyrun.run({'X': Xtest})\n",
        "pyres"
      ]
    },
    {
      "cell_type": "code",
      "execution_count": 11,
      "metadata": {},
      "outputs": [
        {
          "data": {
            "text/plain": [
              "{'Y': array([[2.00000003e-01, 3.52274600e+06, 1.00000001e-01, 9.58912969e-01,\n",
              "         1.09409355e-01, 1.28009304e-01, 6.23652983e+00, 1.22526694e+09,\n",
              "         6.36214905e+02, 7.11586867e+09],\n",
              "        [7.56246948e+02, 2.00000003e-01, 1.42296642e-01, 2.43021399e-01,\n",
              "         1.57159716e-01, 1.05715968e-01, 1.22066288e+06, 3.91309950e+28,\n",
              "         3.15825060e+17,            inf],\n",
              "        [4.34997510e+03, 1.65542334e-01, 2.00000003e-01, 2.20590875e-01,\n",
              "         1.95965469e-01, 1.04620211e-01, 5.69948150e+06, 8.92607598e+30,\n",
              "         2.89780094e+19,            inf],\n",
              "        [6.12599068e+26, 1.72777134e+20, 1.00000001e-01, 2.00000003e-01,\n",
              "         1.22021951e-01, 1.04297899e-01, 6.33124818e+22,            inf,\n",
              "                    inf,            inf],\n",
              "        [3.09352051e+03, 1.71680838e-01, 1.95960999e-01, 2.24466011e-01,\n",
              "         2.00000003e-01, 1.04815878e-01, 4.24971350e+06, 3.20601294e+30,\n",
              "         1.22693128e+19,            inf],\n",
              "        [1.02166566e+13, 1.36779141e+05, 1.00000001e-01, 1.21437214e-01,\n",
              "         1.05489247e-01, 2.00000003e-01, 6.96343803e+13,            inf,\n",
              "                    inf,            inf],\n",
              "        [9.58034668e+02, 3.84446269e+29, 1.00000001e-01, 7.33388281e+00,\n",
              "         1.00000007e-02, 1.00000007e-02, 1.09999999e-01, 1.00016268e-02,\n",
              "         1.66247915e-02, 1.91714112e-02],\n",
              "        [1.00000007e-02, 1.00000007e-02, 1.00000007e-02, 1.00000007e-02,\n",
              "         1.00000007e-02, 1.00000007e-02, 1.00016268e-02, 1.09999999e-01,\n",
              "         1.00000007e-02, 1.00000007e-02],\n",
              "        [1.00000007e-02, 1.00000007e-02, 1.00000007e-02, 1.00000007e-02,\n",
              "         1.00000007e-02, 1.00000007e-02, 1.66247915e-02, 1.00000007e-02,\n",
              "         1.09999999e-01, 9.94636044e-02],\n",
              "        [1.00000007e-02, 1.00000007e-02, 1.00000007e-02, 1.00000007e-02,\n",
              "         1.00000007e-02, 1.00000007e-02, 1.91714112e-02, 1.00000007e-02,\n",
              "         9.94636044e-02, 1.09999999e-01]], dtype=float32)}"
            ]
          },
          "execution_count": 12,
          "metadata": {},
          "output_type": "execute_result"
        }
      ],
      "source": [
        "rtres = rtrun.run({'X': Xtest.astype(numpy.float32)})\n",
        "rtres"
      ]
    },
    {
      "cell_type": "code",
      "execution_count": 12,
      "metadata": {},
      "outputs": [
        {
          "data": {
            "text/plain": [
              "inf"
            ]
          },
          "execution_count": 13,
          "metadata": {},
          "output_type": "execute_result"
        }
      ],
      "source": [
        "from mlprodict.onnxrt.validate_difference import measure_relative_difference\n",
        "measure_relative_difference(pyres['Y'], rtres['Y'])"
      ]
    },
    {
      "cell_type": "markdown",
      "metadata": {},
      "source": [
        "The last runtime uses [onnxruntime](https://github.com/microsoft/onnxruntime) to run every node independently from each others."
      ]
    },
    {
      "cell_type": "code",
      "execution_count": 13,
      "metadata": {},
      "outputs": [
        {
          "data": {
            "text/plain": [
              "inf"
            ]
          },
          "execution_count": 14,
          "metadata": {},
          "output_type": "execute_result"
        }
      ],
      "source": [
        "rt_partial_run = OnnxInference(model_onnx, runtime=\"onnxruntime1\")\n",
        "rt_partial_res = rt_partial_run.run({'X': Xtest.astype(numpy.float32)})\n",
        "measure_relative_difference(pyres['Y'], rt_partial_res['Y'])"
      ]
    },
    {
      "cell_type": "markdown",
      "metadata": {},
      "source": [
        "## Side by side\n",
        "\n",
        "We run every node independently and we compare the output at each step."
      ]
    },
    {
      "cell_type": "code",
      "execution_count": 14,
      "metadata": {},
      "outputs": [],
      "source": [
        "%matplotlib inline"
      ]
    },
    {
      "cell_type": "code",
      "execution_count": 15,
      "metadata": {},
      "outputs": [
        {
          "data": {
            "text/html": [
              "<div>\n",
              "<style scoped>\n",
              "    .dataframe tbody tr th:only-of-type {\n",
              "        vertical-align: middle;\n",
              "    }\n",
              "\n",
              "    .dataframe tbody tr th {\n",
              "        vertical-align: top;\n",
              "    }\n",
              "\n",
              "    .dataframe thead th {\n",
              "        text-align: right;\n",
              "    }\n",
              "</style>\n",
              "<table border=\"1\" class=\"dataframe\">\n",
              "  <thead>\n",
              "    <tr style=\"text-align: right;\">\n",
              "      <th></th>\n",
              "      <th>cmp</th>\n",
              "      <th>metric</th>\n",
              "      <th>name</th>\n",
              "      <th>shape[0]</th>\n",
              "      <th>shape[1]</th>\n",
              "      <th>shape[2]</th>\n",
              "      <th>step</th>\n",
              "      <th>v[0]</th>\n",
              "      <th>v[1]</th>\n",
              "      <th>v[2]</th>\n",
              "    </tr>\n",
              "  </thead>\n",
              "  <tbody>\n",
              "    <tr>\n",
              "      <th>0</th>\n",
              "      <td>OK</td>\n",
              "      <td>nb_results</td>\n",
              "      <td>NaN</td>\n",
              "      <td>NaN</td>\n",
              "      <td>NaN</td>\n",
              "      <td>NaN</td>\n",
              "      <td>-1</td>\n",
              "      <td>38</td>\n",
              "      <td>3.800000e+01</td>\n",
              "      <td>3.800000e+01</td>\n",
              "    </tr>\n",
              "    <tr>\n",
              "      <th>1</th>\n",
              "      <td>OK</td>\n",
              "      <td>abs-diff</td>\n",
              "      <td>X</td>\n",
              "      <td>(10, 6)</td>\n",
              "      <td>(10, 6)</td>\n",
              "      <td>(10, 6)</td>\n",
              "      <td>0</td>\n",
              "      <td>0</td>\n",
              "      <td>0.000000e+00</td>\n",
              "      <td>0.000000e+00</td>\n",
              "    </tr>\n",
              "    <tr>\n",
              "      <th>2</th>\n",
              "      <td>OK</td>\n",
              "      <td>abs-diff</td>\n",
              "      <td>Addcst</td>\n",
              "      <td>(1,)</td>\n",
              "      <td>(1,)</td>\n",
              "      <td>(1,)</td>\n",
              "      <td>1</td>\n",
              "      <td>0</td>\n",
              "      <td>0.000000e+00</td>\n",
              "      <td>0.000000e+00</td>\n",
              "    </tr>\n",
              "    <tr>\n",
              "      <th>3</th>\n",
              "      <td>OK</td>\n",
              "      <td>abs-diff</td>\n",
              "      <td>Addcst1</td>\n",
              "      <td>(1,)</td>\n",
              "      <td>(1,)</td>\n",
              "      <td>(1,)</td>\n",
              "      <td>2</td>\n",
              "      <td>0</td>\n",
              "      <td>0.000000e+00</td>\n",
              "      <td>0.000000e+00</td>\n",
              "    </tr>\n",
              "    <tr>\n",
              "      <th>4</th>\n",
              "      <td>OK</td>\n",
              "      <td>abs-diff</td>\n",
              "      <td>O05</td>\n",
              "      <td>(2,)</td>\n",
              "      <td>(2,)</td>\n",
              "      <td>(2,)</td>\n",
              "      <td>3</td>\n",
              "      <td>0</td>\n",
              "      <td>0.000000e+00</td>\n",
              "      <td>0.000000e+00</td>\n",
              "    </tr>\n",
              "    <tr>\n",
              "      <th>5</th>\n",
              "      <td>OK</td>\n",
              "      <td>abs-diff</td>\n",
              "      <td>O04</td>\n",
              "      <td>(10, 6)</td>\n",
              "      <td>(10, 6)</td>\n",
              "      <td>(10, 6)</td>\n",
              "      <td>4</td>\n",
              "      <td>0</td>\n",
              "      <td>0.000000e+00</td>\n",
              "      <td>0.000000e+00</td>\n",
              "    </tr>\n",
              "    <tr>\n",
              "      <th>6</th>\n",
              "      <td>OK</td>\n",
              "      <td>abs-diff</td>\n",
              "      <td>O03</td>\n",
              "      <td>(10, 1)</td>\n",
              "      <td>(10, 1)</td>\n",
              "      <td>(10, 1)</td>\n",
              "      <td>5</td>\n",
              "      <td>0</td>\n",
              "      <td>0.000000e+00</td>\n",
              "      <td>0.000000e+00</td>\n",
              "    </tr>\n",
              "    <tr>\n",
              "      <th>7</th>\n",
              "      <td>OK</td>\n",
              "      <td>abs-diff</td>\n",
              "      <td>O06</td>\n",
              "      <td>(1, 10)</td>\n",
              "      <td>(1, 10)</td>\n",
              "      <td>(1, 10)</td>\n",
              "      <td>6</td>\n",
              "      <td>0</td>\n",
              "      <td>0.000000e+00</td>\n",
              "      <td>0.000000e+00</td>\n",
              "    </tr>\n",
              "    <tr>\n",
              "      <th>8</th>\n",
              "      <td>OK</td>\n",
              "      <td>abs-diff</td>\n",
              "      <td>O02</td>\n",
              "      <td>(10, 10)</td>\n",
              "      <td>(10, 10)</td>\n",
              "      <td>(10, 10)</td>\n",
              "      <td>7</td>\n",
              "      <td>0</td>\n",
              "      <td>0.000000e+00</td>\n",
              "      <td>0.000000e+00</td>\n",
              "    </tr>\n",
              "    <tr>\n",
              "      <th>9</th>\n",
              "      <td>OK</td>\n",
              "      <td>abs-diff</td>\n",
              "      <td>O01</td>\n",
              "      <td>(10, 10)</td>\n",
              "      <td>(10, 10)</td>\n",
              "      <td>(10, 10)</td>\n",
              "      <td>8</td>\n",
              "      <td>0</td>\n",
              "      <td>0.000000e+00</td>\n",
              "      <td>0.000000e+00</td>\n",
              "    </tr>\n",
              "    <tr>\n",
              "      <th>10</th>\n",
              "      <td>OK</td>\n",
              "      <td>abs-diff</td>\n",
              "      <td>O015</td>\n",
              "      <td>(2,)</td>\n",
              "      <td>(2,)</td>\n",
              "      <td>(2,)</td>\n",
              "      <td>9</td>\n",
              "      <td>0</td>\n",
              "      <td>0.000000e+00</td>\n",
              "      <td>0.000000e+00</td>\n",
              "    </tr>\n",
              "    <tr>\n",
              "      <th>11</th>\n",
              "      <td>OK</td>\n",
              "      <td>abs-diff</td>\n",
              "      <td>O014</td>\n",
              "      <td>(10, 6)</td>\n",
              "      <td>(10, 6)</td>\n",
              "      <td>(10, 6)</td>\n",
              "      <td>10</td>\n",
              "      <td>0</td>\n",
              "      <td>0.000000e+00</td>\n",
              "      <td>0.000000e+00</td>\n",
              "    </tr>\n",
              "    <tr>\n",
              "      <th>12</th>\n",
              "      <td>OK</td>\n",
              "      <td>abs-diff</td>\n",
              "      <td>O013</td>\n",
              "      <td>(1, 6)</td>\n",
              "      <td>(1, 6)</td>\n",
              "      <td>(1, 6)</td>\n",
              "      <td>11</td>\n",
              "      <td>0</td>\n",
              "      <td>0.000000e+00</td>\n",
              "      <td>0.000000e+00</td>\n",
              "    </tr>\n",
              "    <tr>\n",
              "      <th>13</th>\n",
              "      <td>OK</td>\n",
              "      <td>abs-diff</td>\n",
              "      <td>O012</td>\n",
              "      <td>(2,)</td>\n",
              "      <td>(2,)</td>\n",
              "      <td>(2,)</td>\n",
              "      <td>12</td>\n",
              "      <td>0</td>\n",
              "      <td>0.000000e+00</td>\n",
              "      <td>0.000000e+00</td>\n",
              "    </tr>\n",
              "    <tr>\n",
              "      <th>14</th>\n",
              "      <td>OK</td>\n",
              "      <td>abs-diff</td>\n",
              "      <td>O011</td>\n",
              "      <td>(1, 6)</td>\n",
